[gd_scene load_steps=2 format=2]

[ext_resource path="res://assets/Parrotfish/Parrotfish.fbx" type="PackedScene" id=1]

[node name="Parrotfish" instance=ExtResource( 1 )]

[node name="Parrotfish" parent="RootNode" index="1"]
transform = Transform( 0.999139, -0.0414858, 0, 0, 0, 1, -0.0414858, -0.999139, 0, 0, 0, 0 )

[node name="Joint_1" parent="RootNode" index="2"]
transform = Transform( -0.039417, -0.999221, -0.00192803, -0.00280929, 0.00204039, -0.999994, 0.999219, -0.0394115, -0.00288749, 0, 0, 0 )

[node name="Joint_2" parent="RootNode/Joint_1" index="0"]
transform = Transform( 0.999991, 0.00415535, -0.000253911, -0.00416122, 0.999512, -0.0309522, 0.000125169, 0.030953, 0.999521, 2.11954e-08, -0.0559785, 8.98912e-09 )

[node name="Joint_3" parent="RootNode/Joint_1/Joint_2" index="0"]
transform = Transform( 0.999938, 0.0111072, 0.000935495, -0.0111335, 0.999296, 0.0358255, -0.000536918, -0.0358337, 0.999358, 3.02792e-08, -0.0711857, 4.56383e-06 )

[node name="Joint_4" parent="RootNode/Joint_1/Joint_2/Joint_3" index="0"]
transform = Transform( 0.999818, 0.0186202, -0.00418337, -0.0189488, 0.994653, -0.101519, 0.00227069, 0.10158, 0.994825, -6.05583e-09, -0.0675526, -1.18815e-05 )

[node name="Joint_5" parent="RootNode/Joint_1/Joint_2/Joint_3/Joint_4" index="0"]
transform = Transform( 0.999607, 0.028016, -0.000298561, -0.0280156, 0.999607, 0.0012785, 0.000334263, -0.00126964, 0.999999, 1.83491e-06, -0.0663611, 2.07836e-05 )

[node name="Joint_6" parent="RootNode/Joint_1/Joint_2/Joint_3/Joint_4/Joint_5" index="0"]
transform = Transform( 0.999106, 0.0422701, -3.7713e-05, -0.0422696, 0.999098, 0.00396496, 0.000205278, -0.00395982, 0.999992, 4.60848e-06, -0.0656833, 3.93629e-08 )

[node name="Joint_7" parent="RootNode/Joint_1/Joint_2/Joint_3/Joint_4/Joint_5/Joint_6" index="0"]
transform = Transform( 0.998646, 0.0519959, -0.00172145, -0.052012, 0.998583, -0.0112389, 0.00113463, 0.0113132, 0.999935, 1.07673e-05, -0.0538814, 4.55701e-07 )

[node name="Joint_8" parent="RootNode/Joint_1/Joint_2/Joint_3/Joint_4/Joint_5/Joint_6/Joint_7" index="0"]
transform = Transform( 0.998321, 0.0577435, 0.00460863, -0.057884, 0.997485, 0.0408986, -0.00223541, -0.0410967, 0.999153, 1.77194e-05, -0.0533612, 7.74844e-06 )

[node name="Joint_9" parent="RootNode/Joint_1/Joint_2/Joint_3/Joint_4/Joint_5/Joint_6/Joint_7/Joint_8" index="0"]
transform = Transform( 0.998319, 0.0579514, 2.52322e-05, -0.0579514, 0.998319, 0.00131097, 5.07829e-05, -0.00131023, 0.999999, 2.45261e-05, -0.0561787, -1.98692e-05 )

[node name="Joint_10" parent="RootNode/Joint_1/Joint_2/Joint_3/Joint_4/Joint_5/Joint_6/Joint_7/Joint_8/Joint_9" index="0"]
transform = Transform( 0.99759, 0.069383, 0.0010212, -0.0693888, 0.99756, 0.00767925, -0.000485898, -0.0077316, 0.99997, 2.83171e-05, -0.0639141, -1.21117e-08 )

[node name="Joint_11" parent="RootNode/Joint_1/Joint_2/Joint_3/Joint_4/Joint_5/Joint_6/Joint_7/Joint_8/Joint_9/Joint_10" index="0"]
transform = Transform( 0.99777, 0.0667346, 0.000749676, -0.0667379, 0.997754, 0.0058352, -0.000358582, -0.00587222, 0.999983, 3.97263e-05, -0.0526932, -4.50251e-06 )

[node name="Joint_12" parent="RootNode/Joint_1/Joint_2/Joint_3/Joint_4/Joint_5/Joint_6/Joint_7/Joint_8/Joint_9/Joint_10/Joint_11" index="0"]
transform = Transform( 0.997945, 0.0638639, 0.00517976, -0.0640216, 0.997127, 0.0404768, -0.00257987, -0.0407253, 0.999167, 4.2512e-05, -0.0504473, -2.84321e-06 )

[node name="Joint_13" parent="RootNode/Joint_1/Joint_2/Joint_3/Joint_4/Joint_5/Joint_6/Joint_7/Joint_8/Joint_9/Joint_10/Joint_11/Joint_12" index="0"]
transform = Transform( 0.999966, -0.00823351, -0.000218643, 0.00823344, 0.999966, -0.000346684, 0.00022149, 0.000344872, 1, 4.3929e-05, -0.0429594, -2.75434e-05 )
